scale_factor
1.06872654740216e-26
